25834895
24049849
24624464
22112489
22112487
22112474
22112468
21735601
21338237
21338224
21338179
21326934
21302424
21294445
21294439
21258276
21258131
21253471
21252594
21199599
21222365
21222361
21198291
21178268
21178266stop
21176256
21175405
21158732
21433395
21152689
21152266
21141436
21137672
21137238
21135490
21133626
21133615
21128891
21124035
21116117
21116115
21113839
21113304
21110506
21109712
21097051
21097018
21096732
21096687
21096275
21095907
21095754
21076523
21075330
21075329
21075328
21071926
21071914
21070913
21066994
21063121
21061679
21058527
21058191
21058161
21053784
21051871
21051658
21048308
21048307
21045264
21045261
21045260
21043572
21043571
21043570
21033595
20973404
20968031
20968030
20968022
20966544
20966542
20964841
20962505
20956725
20954073
20951960
20949703
20948981
20948186
20945947
20939820
20924975
20924968
20924967
20924966
20924965
20924962
20924937
20921825
20921822
20891045
20890860
20890858
20890851
20890069
20886732
20883113
20881409
20879458
20879457
20879423
20879417
20879414
20879402
20879400
20879397
20879242
20879214
20871511
20871510
20861608
20858083
20858069
20858068
20854072
20854069
20854067
20848873
20847945
20847935
20847819
20843136
20843123
20843117
20839415
20832007
20832006
20826931
20816179
20816178
20816164
20814212
20814208
20811583
20809980
20809037
20809016
20809015
20808724
20806824
20806817
21433358
20798867
20798195
20730661
20722624
20722622
20722621
20722617
20716925
20712568
20699624
20698721
20698719
20693823
20690063
20686300
20686229
20684350
20683175
20681408
20671914
20665448
20665205
20664183
20664182
20661828
20661819
20661818
20653418
20648923
20647391
20631488
20631480
20628233
20625410
20625407
20617135
20616537
20616526
20608323
20608000
20606405
20606402
20553073
20553071
20553070
20553068
20595732
20592982
22081596
20585601
20583988
20576643
20574928
20574925
20574921
20568904
20568894
